20170215,1.0,0.0,21550.0,-2921.47802734375
20170216,0.0,0.0,20320.0,-9752.9951171875
20170217,1.0,0.0,20380.0,-160.09552001953125
20170220,0.0,1.0,20300.0,-1480.088623046875
20170221,0.0,0.0,20090.0,-6000.44775390625
20170222,0.0,1.0,20040.0,-1359.85302734375
20170223,0.0,1.0,18690.0,11260.3603515625
20170224,1.0,0.0,18800.0,2481.566162109375
20170227,1.0,0.0,18785.0,-150.0
20170228,1.0,0.0,18490.0,-3787.08544921875
20170301,1.0,0.0,18745.0,2550.0
20170302,1.0,0.0,18855.0,1100.0
20170303,1.0,0.0,19100.0,2450.0
20170306,0.0,1.0,18710.0,4181.076171875
20170307,0.0,1.0,18625.0,850.0
20170308,0.0,1.0,17780.0,8450.0
20170309,0.0,1.0,17555.0,-3185.125244140625
20170310,0.0,1.0,17640.0,714.9342041015625
20170313,1.0,0.0,17820.0,-417.572509765625
20170314,0.0,1.0,17515.0,2432.387939453125
20170315,1.0,0.0,17715.0,-3217.59716796875
20170316,1.0,0.0,17820.0,1050.0
20170317,0.0,0.0,18230.0,-4576.68798828125
20170320,1.0,0.0,18130.0,-1409.043701171875
20170321,0.0,0.0,17510.0,-10617.48828125
20170322,0.0,1.0,16560.0,1241.740966796875
20170323,1.0,0.0,16580.0,-2716.537841796875
20170405,1,0,15830.0,-7500.0
