20170215,0.0,0.0,3391.0,1626.490478515625
20170216,0.0,0.0,3381.0,-80.10987091064453
20170217,0.0,0.0,3473.0,-717.6694946289062
20170220,0.0,0.0,3546.0,-50.981563568115234
20170221,0.0,0.0,3575.0,86.46322631835938
20170222,0.0,0.0,3525.0,-30.55438995361328
20170223,0.0,0.0,3483.0,-214.00454711914062
20170224,0.0,0.0,3498.0,476.32562255859375
20170227,0.0,0.0,3612.0,-267.1606750488281
20170228,0.0,0.0,3471.0,-57.1146354675293
20170301,0.0,0.0,3542.0,508.1106262207031
20170302,0.0,0.0,3553.0,-127.05078125
20170303,0.0,0.0,3566.0,25.73757553100586
20170306,0.0,0.0,3467.0,-343.9010925292969
20170307,0.0,0.0,3494.0,-310.6390380859375
20170308,0.0,0.0,3425.0,0.0
20170309,0.0,0.0,3389.0,159.9119110107422
20170310,0.0,0.0,3402.0,-86.84930419921875
20170313,0.0,0.0,3604.0,525.5420532226562
20170314,0.0,0.0,3594.0,-431.31024169921875
20170315,0.0,0.0,3641.0,-174.45498657226562
20170316,0.0,0.0,3625.0,339.21343994140625
20170317,0.0,0.0,3575.0,-484.17926025390625
20170320,0.0,0.0,3630.0,0.0
20170321,0.0,0.0,3476.0,-236.98692321777344
20170322,0.0,0.0,3405.0,56.546878814697266
20170323,0.0,0.0,3417.0,-133.40609741210938
20170405,0,0,3387.0,0
