20170215,0.0,0.0,2937.0,13.399999618530273
20170216,0.0,0.0,2955.0,106.80000305175781
20170217,0.0,0.0,2906.0,0.0
20170220,0.0,0.0,2916.0,-53.29999923706055
20170221,0.0,0.0,2955.0,-143.1999969482422
20170222,0.0,0.0,2914.0,-229.89999389648438
20170223,0.0,0.0,2880.0,-226.60000610351562
20170224,0.0,0.0,2878.0,136.6999969482422
20170227,0.0,0.0,2890.0,-113.30000305175781
20170228,0.0,0.0,2881.0,0.0
20170301,0.0,0.0,2909.0,163.39999389648438
20170302,0.0,0.0,2945.0,66.69999694824219
20170303,0.0,0.0,2933.0,26.700000762939453
20170306,0.0,0.0,2962.0,23.399999618530273
20170307,0.0,0.0,2951.0,-63.29999923706055
20170308,0.0,0.0,2903.0,0.0
20170309,0.0,0.0,2898.0,-96.5999984741211
20170310,0.0,0.0,2860.0,-116.5999984741211
20170313,0.0,0.0,2874.0,3.4000000953674316
20170314,0.0,0.0,2844.0,-43.29999923706055
20170315,0.0,0.0,2871.0,-186.60000610351562
20170316,0.0,0.0,2864.0,-13.300000190734863
20170317,0.0,0.0,2851.0,96.69999694824219
20170320,0.0,0.0,2882.0,6.699999809265137
20170321,0.0,0.0,2855.0,0.0
20170322,0.0,0.0,2854.0,-76.5999984741211
20170323,0.0,0.0,2815.0,0.0
20170405,0,0,2778.0,0
