20170215,1.0,0.0,5708.0,646.7999877929688
20170216,0.0,0.0,5662.0,-183.3000030517578
20170217,1.0,0.0,5674.0,-83.30000305175781
20170220,1.0,0.0,5690.0,-53.20000076293945
20170221,1.0,0.0,5660.0,-150.0
20170222,0.0,1.0,5646.0,-143.1999969482422
20170223,0.0,0.0,5536.0,-236.5
20170224,1.0,0.0,5592.0,170.10000610351562
20170227,1.0,0.0,5606.0,70.0
20170228,1.0,0.0,5568.0,-190.0
20170301,1.0,0.0,5568.0,0.0
20170302,0.0,1.0,5560.0,233.39999389648438
20170303,0.0,1.0,5532.0,140.0
20170306,1.0,0.0,5568.0,13.399999618530273
20170307,0.0,1.0,5572.0,73.4000015258789
20170308,0.0,1.0,5398.0,870.0
20170309,1.0,0.0,5214.0,-1166.5999755859375
20170310,0.0,1.0,5096.0,-93.19999694824219
20170313,1.0,0.0,5096.0,-306.6000061035156
20170314,0.0,1.0,5070.0,263.3999938964844
20170315,1.0,0.0,5080.0,-396.6000061035156
20170316,1.0,0.0,5106.0,130.0
20170317,1.0,0.0,5110.0,20.0
20170320,1.0,0.0,5098.0,-60.0
20170321,1.0,0.0,5074.0,-173.3000030517578
20170322,0.0,0.0,5044.0,-343.29998779296875
20170323,0.0,0.0,5088.0,0.0
20170405,0,0,4892.0,0
