20170215,0.0,1.0,15845.0,0.0
20170216,1.0,0.0,15670.0,-184.4600067138672
20170217,0.0,0.0,15515.0,-554.72998046875
20170220,1.0,0.0,15590.0,345.2699890136719
20170221,1.0,0.0,15650.0,300.0
20170222,1.0,0.0,15485.0,806.0800170898438
20170223,1.0,0.0,15545.0,300.0
20170224,0.0,0.0,15900.0,-514.1900024414062
20170227,0.0,0.0,15845.0,0.0
20170228,0.0,0.0,15955.0,0.0
20170301,0.0,0.0,16010.0,0.0
20170302,0.0,0.0,15965.0,-943.9199829101562
20170303,0.0,0.0,15950.0,0.0
20170306,1.0,0.0,16430.0,1395.27001953125
20170307,1.0,0.0,16320.0,-550.0
20170308,0.0,1.0,15730.0,2640.5400390625
20170309,0.0,1.0,15565.0,825.0
20170310,1.0,0.0,15465.0,-959.4600219726562
20170313,1.0,0.0,15500.0,175.0
20170314,0.0,1.0,15255.0,915.5399780273438
20170315,0.0,1.0,15220.0,175.0
20170316,1.0,0.0,15335.0,-1084.4599609375
20170317,0.0,1.0,15215.0,-709.4600219726562
20170320,0.0,1.0,15265.0,-250.0
20170321,1.0,0.0,15050.0,1075.0
20170322,1.0,0.0,14960.0,-450.0
20170323,1.0,0.0,15320.0,1800.0
20170405,1,0,14830.0,-2450.0
