20170215,1.0,0.0,48910.0,-4577.15087890625
20170216,1.0,0.0,48960.0,250.0
20170217,1.0,0.0,48550.0,-2050.0
20170220,0.0,1.0,48940.0,-339.9877624511719
20170221,1.0,0.0,49100.0,-777.0022583007812
20170222,0.0,1.0,48840.0,1272.9949951171875
20170223,0.0,1.0,48600.0,846.1605224609375
20170224,1.0,0.0,47950.0,6723.81982421875
20170227,0.0,1.0,47920.0,3023.468017578125
20170228,1.0,0.0,47900.0,-2926.510009765625
20170301,0.0,1.0,48830.0,423.37451171875
20170302,1.0,0.0,48900.0,-2777.027099609375
20170303,1.0,0.0,48480.0,-53.19049835205078
20170306,0.0,1.0,48110.0,823.3909912109375
20170307,0.0,1.0,47930.0,900.0
20170308,1.0,0.0,47300.0,1923.9189453125
20170309,0.0,1.0,46570.0,-2275.6904296875
20170310,1.0,0.0,46650.0,2174.485595703125
20170313,1.0,0.0,47560.0,4550.0
20170314,0.0,1.0,47360.0,-26.10300064086914
20170315,0.0,1.0,47670.0,-1550.0
20170316,1.0,0.0,48160.0,-1376.427490234375
20170317,0.0,1.0,47740.0,1673.5340576171875
20170320,0.0,1.0,48130.0,-1950.0
20170321,0.0,0.0,47290.0,4200.0
20170322,0.0,0.0,46660.0,0.0
20170323,0.0,0.0,47120.0,0.0
20170405,0,0,47680.0,0
