20170215,0.0,0.0,2465.0,-56.599998474121094
20170216,0.0,0.0,2478.0,76.80000305175781
20170217,0.0,0.0,2430.0,0.0
20170220,0.0,0.0,2438.0,-43.29999923706055
20170221,0.0,0.0,2467.0,-353.20001220703125
20170222,0.0,0.0,2429.0,-229.89999389648438
20170223,0.0,0.0,2384.0,-349.8999938964844
20170224,0.0,0.0,2394.0,173.39999389648438
20170227,0.0,0.0,2411.0,-329.8999938964844
20170228,0.0,0.0,2396.0,-339.8999938964844
20170301,0.0,0.0,2426.0,63.400001525878906
20170302,0.0,0.0,2459.0,36.70000076293945
20170303,0.0,0.0,2450.0,103.4000015258789
20170306,0.0,0.0,2488.0,3.4000000953674316
20170307,0.0,0.0,2480.0,-186.60000610351562
20170308,0.0,0.0,2423.0,0.0
20170309,0.0,0.0,2421.0,-106.5999984741211
20170310,0.0,0.0,2384.0,-106.5999984741211
20170313,0.0,0.0,2395.0,-26.600000381469727
20170314,0.0,0.0,2358.0,-166.60000610351562
20170315,0.0,0.0,2388.0,-166.60000610351562
20170316,0.0,0.0,2381.0,-3.299999952316284
20170317,0.0,0.0,2370.0,40.099998474121094
20170320,0.0,0.0,2411.0,-43.29999923706055
20170321,0.0,0.0,2399.0,0.0
20170322,0.0,0.0,2390.0,-149.89999389648438
20170323,0.0,0.0,2341.0,0.0
20170405,0,0,2331.0,0
